cam0:
  cam_overlaps: [1]
  camera_model: pinhole
  distortion_coeffs: [-0.14519540725720254, 0.0835639056817401, 0.0016876529426707728, 0.00045960787795045]
  distortion_model: radtan
  intrinsics: [678.772799858481, 677.921416633527, 488.25137982780564, 307.85917367465186]
  resolution: [960, 600]
  rostopic: /eo/color/image_mono/invert
cam1:
  T_cn_cnm1:
  - [0.9999002614854691, 0.010214148374052838, -0.00975388406111897, 0.025008093066546243]
  - [-0.01017687932971035, 0.9999407525605954, 0.0038629646196766797, -0.00040436881292194065]
  - [0.009792763062253221, -0.003763315232237845, 0.9999449681107775, 0.0016978792663771294]
  - [0.0, 0.0, 0.0, 1.0]
  cam_overlaps: [0]
  camera_model: pinhole
  distortion_coeffs: [-0.4316036051502172, 0.17798053827634075, -0.00018559415296459235, 0.00011554743176551091]
  distortion_model: radtan
  intrinsics: [512.3871332219645, 512.3001612666997, 475.75004128977133, 303.0121105512405]
  resolution: [960, 600]
  rostopic: /boson/thermal/image_raw/image_8bit
