cam0:
  cam_overlaps: [1]
  camera_model: pinhole
  distortion_coeffs: [-0.43715165949170764, 0.18600394486732608, 8.818555724854272e-05, -0.0002396622482912505]
  distortion_model: radtan
  intrinsics: [513.750448601774, 513.4721577417529, 476.9161713666026, 301.30053889739855]
  resolution: [960, 600]
  rostopic: /boson/thermal/image_raw/image_8bit
cam1:
  T_cn_cnm1:
  - [0.9996218818402482, 0.027000926480267237, -0.00520031877609953, 0.024992036446223578]
  - [-0.027008486290333422, 0.9996342392707224, -0.001389008982717183, 0.0005010886749718845]
  - [0.005160912174288716, 0.0015289365115664032, 0.9999855135644106, -0.0022043773685395418]
  - [0.0, 0.0, 0.0, 1.0]
  cam_overlaps: [0]
  camera_model: pinhole
  distortion_coeffs: [-0.14739271259981793, 0.08649107839638238, 9.723520525048183e-06, 0.0012154315755351756]
  distortion_model: radtan
  intrinsics: [678.2402211886522, 677.4410409643018, 485.0945645134125, 300.56214924358335]
  resolution: [960, 600]
  rostopic: /eo/mono/image_mono/invert
